
SURVEY NAME: ???
SURVEY DATE: 9 7 2024  COMMENT:
SURVEY TEAM: 

DECLINATION:    0.00  FORMAT: DDDDLRUDLADNT  CORRECTIONS:  0.00 0.00 0.00  CORRECTIONS2:  0.00 0.00

                FROM                   TO   LENGTH  BEARING      INC     LEFT       UP     DOWN    RIGHT   FLAGS  COMMENTS

                  A1                   A2   120.43    90.79     0.00     0.00     0.00     0.00     0.00
                  A2                   A3    77.12    32.66     0.00     0.00     0.00     0.00     0.00
                  A3                   A4   186.71    57.25     0.00     0.00     0.00     0.00     0.00
                  A4                   A5    26.32   341.57     0.00     0.00     0.00     0.00     0.00
                  A5                   A6   171.79   273.52     0.00     0.00     0.00     0.00     0.00
                  A6                   A7   152.49    48.25     0.00     0.00     0.00     0.00     0.00
                  A7                   A8    74.53     3.84     0.00     0.00     0.00     0.00     0.00
                  A8                   A9    40.65   284.23     0.00     0.00     0.00     0.00     0.00
                  A9                  A10   206.19   346.30     0.00     0.00     0.00     0.00     0.00
                 A10                  A11   108.57   265.31     0.00     0.00     0.00     0.00     0.00
                 A11                  A12   168.91   337.39     0.00     0.00     0.00     0.00     0.00
                 A12                  A13    79.18    31.24     0.00     0.00     0.00     0.00     0.00
                 A13                  A14   108.28   319.78     0.00     0.00     0.00     0.00     0.00
                 A14                  A15    20.80   279.21     0.00     0.00     0.00     0.00     0.00
                 A15                  A16    52.61    26.29     0.00     0.00     0.00     0.00     0.00
                 A16                  A17   118.34     8.36     0.00     0.00     0.00     0.00     0.00
                 A17                  A18   153.45   344.91     0.00     0.00     0.00     0.00     0.00
                 A18                  A19   187.47    36.09     0.00     0.00     0.00     0.00     0.00
                 A19                  A20    36.78    78.69     0.00     0.00     0.00     0.00     0.00
                 A20                  A21    71.72    33.32     0.00     0.00     0.00     0.00     0.00
                 A21                  A22    51.45   343.72     0.00     0.00     0.00     0.00     0.00
                 A22                  A23    71.12    57.43     0.00     0.00     0.00     0.00     0.00
                 A23                  A24    39.03    29.85     0.00     0.00     0.00     0.00     0.00
                 A18                  A25    50.64   304.73     0.00     0.00     0.00     0.00     0.00
                 A25                  A26    38.22   219.70     0.00     0.00     0.00     0.00     0.00
                 A26                  A27    22.94   302.15     0.00     0.00     0.00     0.00     0.00
                 A27                  A28   109.34   252.58     0.00     0.00     0.00     0.00     0.00
                 A28                  A29    57.38   288.61     0.00     0.00     0.00     0.00     0.00
                 A29                  A30   232.89   245.21     0.00     0.00     0.00     0.00     0.00
                 A30                  A31   108.02    24.59     0.00     0.00     0.00     0.00     0.00
                 A31                  A32   120.65    52.29     0.00     0.00     0.00     0.00     0.00
                 A32                  A33    42.40   142.98     0.00     0.00     0.00     0.00     0.00
                 A33                  A34    75.10   104.55     0.00     0.00     0.00     0.00     0.00
                 A34                  A35    71.34   185.36     0.00     0.00     0.00     0.00     0.00
                 A35                  A36    61.12   110.74     0.00     0.00     0.00     0.00     0.00
                 A36                  A37    47.44    65.83     0.00     0.00     0.00     0.00     0.00
                 A37                  A38    61.96   128.82     0.00     0.00     0.00     0.00     0.00
                 A38                  A39    73.25   220.08     0.00     0.00     0.00     0.00     0.00
                 A39                  A40    35.53   178.21     0.00     0.00     0.00     0.00     0.00
                 A40                  A41    45.09    76.48     0.00     0.00     0.00     0.00     0.00
                 A41                  A42    38.96   125.73     0.00     0.00     0.00     0.00     0.00
                 A42                  A43    41.18    52.67     0.00     0.00     0.00     0.00     0.00
                 A43                  A44    55.34    96.91     0.00     0.00     0.00     0.00     0.00
                 A44                  A45    56.32   185.65     0.00     0.00     0.00     0.00     0.00
                 A45                  A46    71.47   256.07     0.00     0.00     0.00     0.00     0.00
                 A46                  A47    46.19   215.22     0.00     0.00     0.00     0.00     0.00
                 A47                  A48    81.72   248.49     0.00     0.00     0.00     0.00     0.00
                 A48                  A49    59.69   185.87     0.00     0.00     0.00     0.00     0.00
                 A49                  A50    18.30   104.04     0.00     0.00     0.00     0.00     0.00
                 A50                  A51    25.31    37.87     0.00     0.00     0.00     0.00     0.00
                 A51                  A52    13.19   104.62     0.00     0.00     0.00     0.00     0.00
                 A52                  A53    23.33   182.73     0.00     0.00     0.00     0.00     0.00
                 A53                  A54    58.95    75.83     0.00     0.00     0.00     0.00     0.00
                 A54                  A55    87.27    51.45     0.00     0.00     0.00     0.00     0.00
                 A55                  A56   196.69    95.18     0.00     0.00     0.00     0.00     0.00
                 A56                  A57    50.38   116.85     0.00     0.00     0.00     0.00     0.00
                 A57                  A58    19.38    13.24     0.00     0.00     0.00     0.00     0.00
                 A58                  A59    52.82    93.61     0.00     0.00     0.00     0.00     0.00
                 A59                  A60    16.32    72.18     0.00     0.00     0.00     0.00     0.00
                 A60                  A61    42.54   105.12     0.00     0.00     0.00     0.00     0.00
                 A61                  A62   187.95   109.13     0.00     0.00     0.00     0.00     0.00
                 A62                  A63    68.33    69.06     0.00     0.00     0.00     0.00     0.00
                 A63                  A64    38.33    87.51     0.00     0.00     0.00     0.00     0.00
                 A64                  A65    48.39   126.61     0.00     0.00     0.00     0.00     0.00
                 A65                  A66   224.66   164.97     0.00     0.00     0.00     0.00     0.00
                 A66                  A67   112.22   169.75     0.00     0.00     0.00     0.00     0.00
                 A67                  A68   309.31   246.98     0.00     0.00     0.00     0.00     0.00
                 A68                  A69   203.94   248.95     0.00     0.00     0.00     0.00     0.00
                 A69                  A70   208.65   142.67     0.00     0.00     0.00     0.00     0.00
                 A70                  A71   118.89   234.31     0.00     0.00     0.00     0.00     0.00
                 A71                  A72   143.22   191.40     0.00     0.00     0.00     0.00     0.00
                 A72                  A73   212.54   250.48     0.00     0.00     0.00     0.00     0.00
                 A73                  A74   156.26   321.05     0.00     0.00     0.00     0.00     0.00
                 A74                  A75    73.81   279.96     0.00     0.00     0.00     0.00     0.00
                 A75                  A76    28.97    20.17     0.00     0.00     0.00     0.00     0.00
                 A76                  A77    40.07    59.17     0.00     0.00     0.00     0.00     0.00
                 A77                  A78    57.17   358.89     0.00     0.00     0.00     0.00     0.00
                 A78                  A79   102.23   302.14     0.00     0.00     0.00     0.00     0.00
                 A73                  A80    70.06   220.50     0.00     0.00     0.00     0.00     0.00
                 A80                  A81    97.46   239.93     0.00     0.00     0.00     0.00     0.00
                 A66                  A82   265.54   333.43     0.00     0.00     0.00     0.00     0.00
                 A82                  A83   404.66   288.39     0.00     0.00     0.00     0.00     0.00
                 A83                  A84   540.66   277.49     0.00     0.00     0.00     0.00     0.00
                 A84                  A85   212.93     9.00     0.00     0.00     0.00     0.00     0.00
                 A85                  A86   154.61   332.88     0.00     0.00     0.00     0.00     0.00
                 A86                  A87   205.41    22.89     0.00     0.00     0.00     0.00     0.00
                 A70                  A88   122.68   107.37     0.00     0.00     0.00     0.00     0.00
                 A88                  A89   124.18   110.95     0.00     0.00     0.00     0.00     0.00
                 A89                  A90    40.30   247.32     0.00     0.00     0.00     0.00     0.00
                 A90                  A91    71.00   291.55     0.00     0.00     0.00     0.00     0.00
                 A91                  A92    49.94    36.87     0.00     0.00     0.00     0.00     0.00
                 A92                  A93   126.67    92.76     0.00     0.00     0.00     0.00     0.00
                 A93                  A94    32.82   183.88     0.00     0.00     0.00     0.00     0.00
                 A94                  A95   107.13   271.48     0.00     0.00     0.00     0.00     0.00
                 A95                  A96   102.16   345.21     0.00     0.00     0.00     0.00     0.00
                 A96                  A97    97.21    12.53     0.00     0.00     0.00     0.00     0.00
                 A97                  A98    32.98   167.37     0.00     0.00     0.00     0.00     0.00
                 A98                  A99    94.14   281.91     0.00     0.00     0.00     0.00     0.00
                 A89                 A100   163.56    83.77     0.00     0.00     0.00     0.00     0.00
                A100                 A101   167.55   111.98     0.00     0.00     0.00     0.00     0.00
                A101                 A102   254.16    42.26     0.00     0.00     0.00     0.00     0.00

