
SURVEY NAME: ???
SURVEY DATE: 9 7 2024  COMMENT:
SURVEY TEAM: 

DECLINATION:    0.00  FORMAT: DDDDLRUDLADNT  CORRECTIONS:  0.00 0.00 0.00  CORRECTIONS2:  0.00 0.00

                FROM                   TO   LENGTH  BEARING      INC     LEFT       UP     DOWN    RIGHT   FLAGS  COMMENTS

                  A1                   A2   215.66   346.34   -75.80     0.00     0.00     0.00     0.00
                  A2                   A3   196.33    10.21   -72.70     0.00     0.00     0.00     0.00
                  A3                   A4    70.50    95.05   -41.66     0.00     0.00     0.00     0.00
                  A4                   A5    81.48   329.93   -84.48     0.00     0.00     0.00     0.00
                  A5                   A6    86.50     1.21   -12.03     0.00     0.00     0.00     0.00
                  A6                   A7    34.78   143.51   -21.27     0.00     0.00     0.00     0.00
                  A7                   A8   260.03    72.68   -71.73     0.00     0.00     0.00     0.00
                  A8                   A9    95.19    30.63    -6.52     0.00     0.00     0.00     0.00
                  A9                  A10    44.64    40.60   -53.86     0.00     0.00     0.00     0.00
                 A10                  A11    56.44    96.90     0.00     0.00     0.00     0.00     0.00
                 A11                  A12   172.25    48.25   -65.55     0.00     0.00     0.00     0.00
                 A12                  A13    27.83   318.18   -11.20     0.00     0.00     0.00     0.00
                 A13                  A14    54.00    20.10   -30.04     0.00     0.00     0.00     0.00
                 A14                  A15    23.71   121.43    17.70     0.00     0.00     0.00     0.00
                 A15                  A16    64.97    70.10   -17.77     0.00     0.00     0.00     0.00
                 A16                  A17    43.66     0.00   -55.66     0.00     0.00     0.00     0.00
                 A17                  A18    39.15   285.64   -18.80     0.00     0.00     0.00     0.00
                 A18                  A19    32.72   324.71   -29.72     0.00     0.00     0.00     0.00
                 A19                  A20   234.50   273.80    -9.29     0.00     0.00     0.00     0.00
                 A13                  A21    82.72   258.37   -63.30     0.00     0.00     0.00     0.00
                 A21                  A22   361.11   183.81   -86.59     0.00     0.00     0.00     0.00
                 A22                  A23    53.62   121.36    -3.85     0.00     0.00     0.00     0.00
                 A23                  A24    45.97   169.60   -30.64     0.00     0.00     0.00     0.00
                 A24                  A25    41.92   179.02    -4.93     0.00     0.00     0.00     0.00
                 A25                  A26    73.29    88.85   -14.24     0.00     0.00     0.00     0.00
                 A26                  A27    26.08   174.99   -38.46     0.00     0.00     0.00     0.00
                 A27                  A28    87.37   106.56   -71.62     0.00     0.00     0.00     0.00
                 A27                  A29   181.37    81.06     0.00     0.00     0.00     0.00     0.00
                 A29                  A30   124.48   344.53    -1.66     0.00     0.00     0.00     0.00
                 A30                  A31    46.95    24.41    -6.61     0.00     0.00     0.00     0.00
                 A31                  A32    31.06    94.82   -16.86     0.00     0.00     0.00     0.00
                 A32                  A33    64.75    52.65   -37.77     0.00     0.00     0.00     0.00
                 A33                  A34    85.11    28.86   -10.99     0.00     0.00     0.00     0.00
                 A34                  A35   146.19   135.00   -87.03     0.00     0.00     0.00     0.00
                 A35                  A36    31.55    45.46     0.00     0.00     0.00     0.00     0.00
                 A36                  A37    27.10   310.19     0.00     0.00     0.00     0.00     0.00
                 A37                  A38    32.85    15.86    -6.30     0.00     0.00     0.00     0.00
                 A38                  A39    53.16    59.30    -1.94     0.00     0.00     0.00     0.00
                 A39                  A40    61.61    61.04    -6.72     0.00     0.00     0.00     0.00
                 A40                  A41    45.52    27.39   -13.74     0.00     0.00     0.00     0.00
                 A39                  A42   155.29    24.38    -4.66     0.00     0.00     0.00     0.00
                 A36                  A43    19.21   144.83     0.00     0.00     0.00     0.00     0.00
                 A43                  A44    70.02   128.19    13.39     0.00     0.00     0.00     0.00
                 A44                  A45   103.96   212.89    41.21     0.00     0.00     0.00     0.00
                 A45                  A46   127.36   172.81    15.60     0.00     0.00     0.00     0.00
                 A46                  A47    58.65   199.60    31.50     0.00     0.00     0.00     0.00
                 A47                  A48   180.31   212.57    10.95     0.00     0.00     0.00     0.00
                 A46                  A49    25.61   102.09    -4.03     0.00     0.00     0.00     0.00
                 A49                  A50   101.23     2.76   -17.62     0.00     0.00     0.00     0.00
                 A50                  A51    82.85    27.91   -10.02     0.00     0.00     0.00     0.00
                 A51                  A52    72.88   146.89   -66.21     0.00     0.00     0.00     0.00
                 A34                  A53    26.84   348.39     7.72     0.00     0.00     0.00     0.00
                 A53                  A54    18.92   323.81    16.60     0.00     0.00     0.00     0.00
                 A54                  A55    28.92   243.11    10.78     0.00     0.00     0.00     0.00
                 A55                  A56    35.82   298.61     2.88     0.00     0.00     0.00     0.00
                 A56                  A57    26.56    53.75     0.00     0.00     0.00     0.00     0.00
                 A57                  A58   108.67    70.02     1.90     0.00     0.00     0.00     0.00
                 A58                  A59   123.93   102.48    -0.83     0.00     0.00     0.00     0.00
                 A59                  A60   150.34   185.86     0.69     0.00     0.00     0.00     0.00
                 A60                  A61    35.63   250.46     8.73     0.00     0.00     0.00     0.00
                 A61                  A62    60.48   182.37     3.42     0.00     0.00     0.00     0.00
                 A62                  A63    26.12   131.11     3.96     0.00     0.00     0.00     0.00
                 A63                  A64   109.13   178.50     3.79     0.00     0.00     0.00     0.00
                 A64                  A65    83.81   216.33     2.47     0.00     0.00     0.00     0.00
                 A65                  A66    33.08   138.99     9.41     0.00     0.00     0.00     0.00
                 A66                  A67    64.37   221.61     6.43     0.00     0.00     0.00     0.00
                 A67                  A68    29.84   143.82     6.94     0.00     0.00     0.00     0.00
                 A68                  A69    14.81   259.56    21.41     0.00     0.00     0.00     0.00
                 A69                  A70    13.80   195.12    -7.51     0.00     0.00     0.00     0.00
                 A70                  A71    25.00    99.87     0.00     0.00     0.00     0.00     0.00
                 A71                  A72    80.06   199.81     1.29     0.00     0.00     0.00     0.00
                 A72                  A73    13.98   145.49     7.41     0.00     0.00     0.00     0.00
                 A73                  A74    47.26   227.14     2.19     0.00     0.00     0.00     0.00
                 A74                  A75    60.29   203.38     1.71     0.00     0.00     0.00     0.00
                 A75                  A76    36.97   239.23     0.00     0.00     0.00     0.00     0.00
                 A76                  A77    23.42   160.17     8.85     0.00     0.00     0.00     0.00
                 A77                  A78    38.45   213.25     2.69     0.00     0.00     0.00     0.00
                 A78                  A79    17.34   261.53    12.00     0.00     0.00     0.00     0.00
                 A79                  A80    80.73   218.90     1.28     0.00     0.00     0.00     0.00
                 A80                  A81    17.99   197.65    23.63     0.00     0.00     0.00     0.00

